0.000000000000000000e+00 1.990160241473622620e+07
2.040816326530612290e-01 2.299383550456258655e+07
4.081632653061224580e-01 1.850854079170657694e+07
6.122448979591836871e-01 2.532431139277866855e+07
8.163265306122449161e-01 1.815556584070486575e+07
1.020408163265306145e+00 3.161895913859511539e+07
1.224489795918367374e+00 2.927621737180528790e+07
1.428571428571428603e+00 3.110654018628874421e+07
1.632653061224489832e+00 2.854417073001103103e+07
1.836734693877551061e+00 3.000732418696014211e+07
2.040816326530612290e+00 3.464612875149737298e+07
2.244897959183673741e+00 3.215518178230938315e+07
2.448979591836734748e+00 3.127636590777470544e+07
2.653061224489795755e+00 3.408848341029167175e+07
2.857142857142857206e+00 2.948929167591964081e+07
3.061224489795918657e+00 2.296880044223564863e+07
3.265306122448979664e+00 2.871938919765054435e+07
3.469387755102040671e+00 3.663489909061732143e+07
3.673469387755102122e+00 3.541421571937970072e+07
3.877551020408163573e+00 3.752021198398663849e+07
4.081632653061224580e+00 2.895492717457992211e+07
4.285714285714285587e+00 3.322462161836750805e+07
4.489795918367347483e+00 2.914540021439668909e+07
4.693877551020408490e+00 3.845750094368341565e+07
4.897959183673469497e+00 3.613375479024853557e+07
5.102040816326530503e+00 3.908188086218795180e+07
5.306122448979591510e+00 3.427825075262321532e+07
5.510204081632653406e+00 4.379270863675702363e+07
5.714285714285714413e+00 2.824183453138449788e+07
5.918367346938775420e+00 4.095497630139770359e+07
6.122448979591837315e+00 3.596131052191831172e+07
6.326530612244898322e+00 3.299265992516797781e+07
6.530612244897959329e+00 4.341474806539074332e+07
6.734693877551020336e+00 3.698230094627360255e+07
6.938775510204081343e+00 3.060756442577245086e+07
7.142857142857143238e+00 4.584760724731185287e+07
7.346938775510204245e+00 4.699045348145587742e+07
7.551020408163265252e+00 3.602783176112042367e+07
7.755102040816327147e+00 3.879966410610918701e+07
7.959183673469388154e+00 4.761893792738372087e+07
8.163265306122449161e+00 4.919553290322271734e+07
8.367346938775510168e+00 2.938454265501856431e+07
8.571428571428571175e+00 4.891944190369816869e+07
8.775510204081632182e+00 4.594426826595427841e+07
8.979591836734694965e+00 3.637011414967682958e+07
9.183673469387755972e+00 5.005451738994023204e+07
9.387755102040816979e+00 3.839834475589939952e+07
9.591836734693877986e+00 4.089363493934956193e+07
9.795918367346938993e+00 5.098956212782748044e+07
1.000000000000000000e+01 4.738406200759689510e+07
